PotEng, CCDF
2600.0000001853095, 1.000561482313307
4999.999999068677, 1.0
8199.999998510233, 0.9994385176866929
10000.000000000426, 0.9988770353733858
11050.000001026294, 0.9983155530600786
13250.000003256446, 0.9977540707467715
17000.000000930413, 0.9971925884334644
19599.999997410043, 0.9966311061201573
22599.99999275917, 0.99606962380685
25599.999995536426, 0.9955081414935429
25600.000002976776, 0.9949466591802358
25600.00000299383, 0.9943851768669287
28999.99999815799, 0.9938236945536215
32399.99999330737, 0.9932622122403144
32400.000001666253, 0.9927007299270073
32400.00001004176, 0.9921392476137002
34250.000003268215, 0.991577765300393
36099.999996478036, 0.9910162829870859
38049.99999823561, 0.9904548006737788
40000.00000000739, 0.9898933183604717
42049.99999216513, 0.9893318360471645
44099.99999411011, 0.9887703537338574
44100.00000391214, 0.9882088714205502
44100.000003916415, 0.9876473891072431
44100.000003929104, 0.987085906793936
46249.999995831924, 0.9865244244806288
48399.99998772892, 0.9859629421673217
48399.999997963314, 0.9854014598540146
50649.99999980739, 0.9848399775407075
52900.00000210916, 0.9842784952274003
52900.000012824064, 0.9837170129140932
55250.00000418743, 0.9831555306007861
60049.999997751765, 0.982594048287479
62499.99999998223, 0.9820325659741718
62499.9999999929, 0.9814710836608647
62500.00000001066, 0.9809096013475576
65050.000002397515, 0.9803481190342505
67600.00000479957, 0.9797866367209432
67600.0000048356, 0.9792251544076361
67600.00000484577, 0.978663672094329
70250.00000746077, 0.9781021897810219
75649.99999978238, 0.9775407074677148
78399.99998954468, 0.9769792251544076
78400.000002619, 0.9764177428411005
78400.0000156436, 0.9758562605277934
81250.00000510359, 0.9752947782144863
84099.99999458234, 0.9747332959011791
84099.99999461736, 0.974171813587872
84099.99999462973, 0.9736103312745649
84099.99999463797, 0.9730488489612578
87049.99999727603, 0.9724873666479505
89999.99999993989, 0.9719258843346434
90000.00000000384, 0.9713644020213363
90000.00000003581, 0.9708029197080292
93049.99998842034, 0.970241437394722
96099.99997685608, 0.9696799550814149
96099.99997692436, 0.9691184727681078
96099.99999133949, 0.9685569904548007
96100.00000573974, 0.9679955081414935
96100.00000576011, 0.9674340258281864
96100.00000578875, 0.9668725435148793
102499.99999673702, 0.9663110612015722
112249.99999064318, 0.9657495788882651
115599.99999361637, 0.9651880965749579
115599.9999936526, 0.9646266142616507
115599.999993713, 0.9640651319483436
115600.00000955998, 0.9635036496350365
119050.00001265865, 0.9629421673217293
129699.99998964606, 0.9623806850084222
136899.99997936335, 0.9618192026951151
136899.9999793765, 0.961257720381808
136899.99999657838, 0.9606962380685008
140649.99999978548, 0.9601347557551937
144400.00000349927, 0.9595732734418866
144400.0000212538, 0.9590117911285795
144400.0000213132, 0.9584503088152723
148250.00000702825, 0.9578888265019652
152099.99999273388, 0.9573273441886581
152099.9999927408, 0.956765861875351
156049.9999962913, 0.9562043795620438
159999.99999993294, 0.9556428972487366
160000.0000000523, 0.9550814149354295
164050.00000376994, 0.9545199326221224
168100.00000746484, 0.9539584503088153
168100.00000751147, 0.9533969679955081
168100.00000758137, 0.952835485682201
168100.00000762072, 0.9522740033688939
172249.9999921009, 0.9517125210555868
176399.9999961079, 0.9511510387422796
176400.0000156836, 0.9505895564289725
180649.99999988562, 0.9500280741156654
184899.99998407622, 0.9494665918023583
184900.00000396828, 0.948905109489051
189250.00002831488, 0.9483436271757439
198050.00001636858, 0.9477821448624368
202499.99999997742, 0.9472206625491297
202500.000000019, 0.9466591802358225
202500.0000000454, 0.9460976979225154
202500.00000006778, 0.9455362156092083
202500.00000008056, 0.9449747332959012
207050.0000042193, 0.9444132509825941
211600.00000835166, 0.9438517686692869
211600.00000842684, 0.9432902863559798
211600.00000859026, 0.9427288040426727
216249.99999120834, 0.9421673217293656
220899.9999737814, 0.9416058394160584
225649.9999779117, 0.9410443571027512
230399.9999820587, 0.9404828747894441
230399.99998212353, 0.939921392476137
230400.0000045211, 0.9393599101628298
235250.00000877056, 0.9387984278495227
240099.99999062737, 0.9382369455362156
240099.99999070744, 0.9376754632229085
240099.99999080494, 0.9371139809096013
240099.9999908502, 0.9365524985962942
240099.99999088154, 0.9359910162829871
240099.99999088852, 0.93542953396968
240099.99999089199, 0.9348680516563729
240100.0000136711, 0.9343065693430657
245050.0000180972, 0.9337450870297586
249999.99999984013, 0.9331836047164515
249999.99999995026, 0.9326221224031443
250000.00000002485, 0.9320606400898371
250000.00000014922, 0.93149915777653
255049.99998113397, 0.9309376754632229
260099.99998564407, 0.9303761931499158
260100.00000941817, 0.9298147108366086
265249.9999901345, 0.9292532285233015
270399.9999950264, 0.9286917462099944
270400.0000194034, 0.9281302638966873
270400.0000194495, 0.9275687815833801
275649.9999998255, 0.927007299270073
280899.99998021993, 0.9264458169567659
280899.9999802727, 0.9258843346434588
280900.0000049838, 0.9253228523301515
280900.000029709, 0.9247613700168444
291700.00001481466, 0.9241998877035373
302499.9999999132, 0.9236384053902302
302499.9999999582, 0.9230769230769231
302500.0000000022, 0.9225154407636159
302500.00000001583, 0.9219539584503088
302500.0000000422, 0.9213924761370017
302500.0000001048, 0.9208309938236946
308049.99997913337, 0.9202695115103874
313599.9999842199, 0.9197080291970803
313600.0000103328, 0.9191465468837732
313600.0000103924, 0.9185850645704661
319250.0000158421, 0.9180235822571589
324900.0000212693, 0.9174620999438517
324900.00002135534, 0.9169006176305446
330649.9999999489, 0.9163391353172375
336400.00000544486, 0.9157776530039303
336400.0000324182, 0.9152161706906232
336400.0000324347, 0.9146546883773161
336400.0000324944, 0.914093206064009
342250.0000108171, 0.9135317237507019
348099.9999890986, 0.9129702414373947
348099.9999891238, 0.9124087591240876
348100.00001656206, 0.9118472768107805
348100.00004405284, 0.9112857944974734
354050.000021992, 0.9107243121841662
359999.9999998661, 0.9101628298708591
359999.9999998959, 0.909601347557552
359999.9999999706, 0.9090398652442448
360000.0000000474, 0.9084783829309376
360000.00000007503, 0.9079169006176305
360000.00000010914, 0.9073554183043234
360000.00000014325, 0.9067939359910163
366049.999977287, 0.9062324536777091
372099.999954433, 0.905670971364402
372099.99998297705, 0.9051094890510949
372100.00001156225, 0.9045480067377878
378250.00001742766, 0.9039865244244806
390649.9999998215, 0.9034250421111735
396899.99997654086, 0.9028635597978664
403250.0000122676, 0.9023020774845593
416050.00002393353, 0.9017405951712522
422500.00000008964, 0.9011791128579449
422500.0000001635, 0.9006176305446378
429050.00000614865, 0.9000561482313307
435600.0000122206, 0.8994946659180236
435600.0000123613, 0.8989331836047164
435600.0000124386, 0.8983717012914093
442249.9999875222, 0.8978102189781022
448899.99996258476, 0.8972487366647951
448899.9999626799, 0.8966872543514879
448899.99999392923, 0.8961257720381808
455649.9999998892, 0.8955642897248737
462399.9999748182, 0.8950028074115666
462400.0000065943, 0.8944413250982594
469250.00001245027, 0.8938798427849522
476099.99998686166, 0.8933183604716451
476099.9999871154, 0.892756878158338
476099.9999871693, 0.8921953958450309
476099.99998722936, 0.8916339135317237
476099.99998738617, 0.8910724312184166
483049.99999349145, 0.8905109489051095
489999.99999949866, 0.8899494665918024
489999.9999998468, 0.8893879842784952
490000.0000002149, 0.8888265019651881
490000.00000023475, 0.888265019651881
497049.99997359666, 0.8877035373385739
504099.9999801087, 0.8871420550252667
504100.00001326646, 0.8865805727119596
504100.0000133497, 0.8860190903986525
511249.99998659495, 0.8854576080853453
518399.99995977676, 0.8848961257720381
518399.99995988107, 0.884334643458731
518399.9999931324, 0.8837731611454239
518400.0000265807, 0.8832116788321168
518400.0000270002, 0.8826501965188096
525649.9999999516, 0.8820887142055025
532899.9999728949, 0.8815272318921954
532899.9999730175, 0.8809657495788883
532900.0000068343, 0.8804042672655812
532900.0000407055, 0.879842784952274
532900.0000408976, 0.8792813026389669
540250.0000133456, 0.8787198203256598
547599.9999858665, 0.8781583380123527
547599.9999861461, 0.8775968556990454
547599.9999862276, 0.8770353733857383
547599.999986337, 0.8764738910724312
547600.000020788, 0.8759124087591241
547600.0000552156, 0.8753509264458169
555050.0000273568, 0.8747894441325098
562499.9999994244, 0.8742279618192027
562499.9999997241, 0.8736664795058956
562500.0000001239, 0.8731049971925884
562500.000000261, 0.8725435148792813
562500.0000002984, 0.8719820325659742
562500.0000003411, 0.8714205502526671
570049.9999717732, 0.87085906793936
577599.9999786717, 0.8702975856260527
585249.9999856948, 0.8697361033127456
592899.9999926435, 0.8691746209994385
592900.0000282915, 0.8686131386861314
592900.0000286074, 0.8680516563728242
600649.9999997313, 0.8674901740595171
608399.9999707693, 0.86692869174621
608399.9999708772, 0.8663672094329029
608399.9999710103, 0.8658057271195957
616249.9999780736, 0.8652442448062886
624099.999985191, 0.8646827624929815
624099.9999854099, 0.8641212801796744
624099.9999855502, 0.8635597978663672
624099.999985612, 0.8629983155530601
632049.999992501, 0.862436833239753
639999.9999996778, 0.8618753509264458
640000.0000000984, 0.8613138686131386
640000.0000001865, 0.8607523862998315
640000.0000001979, 0.8601909039865244
640000.0000002092, 0.8596294216732173
640000.0000002205, 0.8590679393599102
640000.0000002433, 0.858506457046603
640000.0000003229, 0.8579449747332959
648050.0000074035, 0.8573834924199888
656100.0000144161, 0.8568220101066817
656100.0000146348, 0.8562605277933745
656100.0000148679, 0.8556990454800674
656100.0000151097, 0.8551375631667603
656100.0000153601, 0.8545760808534532
656100.0000153945, 0.8540145985401459
664249.9999844485, 0.8534531162268388
672399.999953957, 0.8528916339135317
672399.9999925025, 0.8523301516002246
672400.0000305905, 0.8517686692869174
680649.9999997526, 0.8512071869736103
688899.9999689488, 0.8506457046603032
688899.9999690637, 0.8500842223469961
688899.999969245, 0.8495227400336889
688899.9999693718, 0.8489612577203818
688900.0000078843, 0.8483997754070747
688900.0000465107, 0.8478382930937676
697250.0000154176, 0.8472768107804605
714049.9999917268, 0.8467153284671532
722499.9999992608, 0.8461538461538461
722499.999999756, 0.845592363840539
722500.0000002694, 0.8450308815272319
731049.9999683145, 0.8444693992139247
739599.9999758018, 0.8439079169006176
739600.000015531, 0.8433464345873105
739600.0000159219, 0.8427849522740034
739600.0000160808, 0.8422234699606962
739600.0000162153, 0.8416619876473891
748249.9999838604, 0.841100505334082
756899.9999514295, 0.8405390230207749
756899.9999919452, 0.8399775407074677
756900.0000325444, 0.8394160583941606
756900.0000326617, 0.8388545760808535
765649.9999998185, 0.8382930937675463
774400.0000076722, 0.8377316114542392
774400.0000483815, 0.837170129140932
783250.0000154967, 0.8366086468276249
792100.0000240558, 0.8360471645143178
792100.0000659171, 0.8354856822010107
801050.0000327529, 0.8349241998877035
809999.9999991712, 0.8343627175743964
809999.9999994526, 0.8338012352610893
809999.9999997404, 0.8332397529477822
809999.9999999001, 0.832678270634475
810000.0000001369, 0.8321167883211679
810000.0000002712, 0.8315553060078608
819049.9999658375, 0.8309938236945537
828099.9999318568, 0.8304323413812464
828099.9999746715, 0.8298708590679393
828100.0000169886, 0.8293093767546322
828100.0000171373, 0.8287478944413251
828100.0000173119, 0.8281864121280179
837249.9999829694, 0.8276249298147108
846399.9999486107, 0.8270634475014037
846399.9999910168, 0.8265019651880966
846400.0000338377, 0.8259404828747895
846400.0000342692, 0.8253790005614823
846400.0000344003, 0.8248175182481752
846400.0000345702, 0.8242560359348681
855650.0000001343, 0.823694553621561
864899.999965765, 0.8231330713082537
864900.0000084768, 0.8225715889949466
864900.0000510828, 0.8220101066816395
864900.0000514132, 0.8214486243683324
874250.0000166653, 0.8208871420550252
883599.999981587, 0.8203256597417181
883599.9999818744, 0.819764177428411
883599.9999825021, 0.8192026951151039
883599.9999828427, 0.8186412128017967
883599.9999828695, 0.8180797304884896
893049.9999914858, 0.8175182481751825
902500.0000001566, 0.8169567658618754
902500.0000002376, 0.8163952835485683
902500.0000002646, 0.8158338012352611
902500.0000003253, 0.815272318921954
902500.000000359, 0.8147108366086468
902500.0000003658, 0.8141493542953397
902500.0000003861, 0.8135878719820325
912049.9999644568, 0.8130263896687254
921599.9999286638, 0.8124649073554183
921599.9999732957, 0.8119034250421112
921600.0000178285, 0.811341942728804
921600.0000179003, 0.8107804604154969
921600.0000179344, 0.8102189781021898
931249.999981722, 0.8096574957888827
940899.9999455166, 0.8090960134755755
940899.9999456785, 0.8085345311622684
940899.9999458233, 0.8079730488489613
940899.9999459991, 0.8074115665356542
940899.9999909615, 0.8068500842223469
940900.0000357929, 0.8062886019090398
940900.0000358549, 0.8057271195957327
940900.0000360045, 0.8051656372824256
940900.0000361563, 0.8046041549691185
940900.0000361997, 0.8040426726558113
940900.0000363307, 0.8034811903425042
950649.9999999665, 0.8029197080291971
960399.9999635126, 0.80235822571589
960399.9999636759, 0.8017967434025828
960400.0000092026, 0.8012352610892757
960400.0000546947, 0.8006737787759686
970250.0000181161, 0.8001122964626615
980099.9999814949, 0.7995508141493542
980099.9999815791, 0.7989893318360471
980099.9999816192, 0.79842784952274
980099.9999817599, 0.7978663672094329
980099.9999819146, 0.7973048848961257
980099.9999819568, 0.7967434025828186
980100.0000278639, 0.7961819202695115
990050.0000363704, 0.7956204379562044
999999.9999992965, 0.7950589556428973
999999.9999997441, 0.7944974733295901
999999.9999999537, 0.793935991016283
1000000.0000000355, 0.7933745087029759
1000000.0000000391, 0.7928130263896688
1000000.0000001492, 0.7922515440763616
1000000.00000027, 0.7916900617630545
1000000.0000003411, 0.7911285794497473
1000000.0000003979, 0.7905670971364402
1010049.9999620516, 0.790005614823133
1020099.9999243226, 0.7894441325098259
1020099.9999713544, 0.7888826501965188
1020100.0000181422, 0.7883211678832117
1020100.0000185296, 0.7877596855699045
1020100.0000185512, 0.7871982032565974
1020100.0000186651, 0.7866367209432903
1020100.0000188085, 0.7860752386299832
1020100.0000188507, 0.785513756316676
1020100.0000188563, 0.7849522740033689
1020100.0000190734, 0.7843907916900618
1030250.000028112, 0.7838293093767547
1040400.0000374734, 0.7832678270634476
1050649.9999998438, 0.7827063447501403
1060899.999961863, 0.7821448624368332
1060899.9999620516, 0.7815833801235261
1060900.0000096562, 0.781021897810219
1071250.0000183913, 0.7804604154969118
1081599.9999799062, 0.7798989331836047
1081599.9999806746, 0.7793374508702976
1081599.9999810588, 0.7787759685569905
1081599.9999810588, 0.7782144862436833
1081600.0000287192, 0.7776530039303762
1081600.000077148, 0.7770915216170691
1081600.0000779754, 0.776530039303762
1092050.0000384534, 0.7759685569904547
1102499.9999992452, 0.7754070746771476
1102499.9999996254, 0.7748455923638405
1102499.999999644, 0.7742841100505334
1102499.999999851, 0.7737226277372263
1102500.0000002426, 0.7731611454239191
1102500.0000004387, 0.772599663110612
1102500.000000439, 0.7720381807973049
1113049.9999607666, 0.7714766984839978
1123599.9999703376, 0.7709152161706906
1123600.0000196868, 0.7703537338573835
1123600.0000199918, 0.7697922515440764
1134249.9999802418, 0.7692307692307693
1144899.9999404782, 0.7686692869174621
1144899.9999896768, 0.768107804604155
1144900.000039299, 0.7675463222908478
1144900.0000400897, 0.7669848399775407
1144900.0000402704, 0.7664233576642335
1144900.0000403011, 0.7658618753509264
1155649.999999867, 0.7653003930376193
1166399.999959549, 0.7647389107243122
1166399.9999599326, 0.764177428411005
1166399.9999602004, 0.7636159460976979
1166399.9999602616, 0.7630544637843908
1166400.00001032, 0.7624929814710837
1177250.0000194148, 0.7619314991577766
1188099.9999789074, 0.7613700168444694
1188099.9999794855, 0.7608085345311623
1188099.9999796832, 0.7602470522178552
1188099.9999797381, 0.759685569904548
1188099.999979951, 0.7591240875912408
1188099.9999801621, 0.7585626052779337
1188099.9999803635, 0.7580011229646266
1188100.0000302766, 0.7574396406513195
1199050.0000398166, 0.7568781583380123
1209999.9999998445, 0.7563166760247052
1221049.9999580448, 0.7557551937113981
1232099.9999684123, 0.755193711398091
1232100.000021047, 0.7546322290847838
1243249.9999787195, 0.7540707467714767
1254399.9999886996, 0.7535092644581696
1254400.0000412834, 0.7529477821448625
1254400.0000415142, 0.7523862998315554
1254400.000042055, 0.7518248175182481
1265649.999999931, 0.751263335204941
1276899.9999577217, 0.7507018528916339
1276900.000010542, 0.7501403705783268
1276900.000063125, 0.7495788882650196
1276900.0000634142, 0.7490174059517125
1288250.0000205678, 0.7484559236384054
1299599.9999778816, 0.7478944413250983
1299599.9999785116, 0.7473329590117911
1299599.9999787584, 0.746771476698484
1299599.999979117, 0.7462099943851769
1299600.00003151, 0.7456485120718698
1311050.0000415356, 0.7450870297585626
1322499.9999997602, 0.7445255474452555
1322500.0000000624, 0.7439640651319483
1334049.9999567363, 0.7434025828186412
1345599.999913756, 0.742841100505334
1345599.9999141744, 0.7422796181920269
1345599.9999681255, 0.7417181358787198
1345600.000022076, 0.7411566535654127
1345600.0000221422, 0.7405951712521056
1357249.999978411, 0.7400336889387984
1368899.9999346817, 0.7394722066254913
1368899.9999346961, 0.7389107243121842
1368899.999989328, 0.7383492419988771
1380649.9999999972, 0.7377877596855699
1392399.9999560737, 0.7372262773722628
1392400.0000109817, 0.7366647950589557
1392400.0000659297, 0.7361033127456486
1392400.0000662445, 0.7355418304323413
1404250.0000221916, 0.7349803481190342
1416099.9999778909, 0.7344188658057271
1416099.999977893, 0.73385738349242
1416100.000032554, 0.7332959011791128
1416100.000087737, 0.7327344188658057
1416100.0000886673, 0.7321729365524986
1428050.0000442262, 0.7316114542391915
1439999.9999997243, 0.7310499719258844
1440000.0000002363, 0.7304884896125772
1440000.000000488, 0.7299270072992701
1452049.9999555014, 0.729365524985963
1464099.9999657352, 0.7288040426726559
1464100.0000215904, 0.7282425603593486
1464100.0000221492, 0.7276810780460415
1464100.0000221664, 0.7271195957327344
1464100.000022354, 0.7265581134194273
1464100.000022582, 0.7259966311061201
1464100.0000228153, 0.725435148792813
1464100.0000230172, 0.7248736664795059
1476249.9999772417, 0.7243121841661988
1488399.9999317, 0.7237507018528916
1500649.9999432354, 0.7231892195395845
1512899.9999545366, 0.7226277372262774
1512899.9999546674, 0.7220662549129703
1512899.999954842, 0.7215047725996631
1512899.9999550255, 0.720943290286356
1512900.0000111656, 0.7203818079730488
1512900.0000677602, 0.7198203256597417
1512900.0000683812, 0.7192588433464346
1512900.0000688792, 0.7186973610331274
1525250.000022913, 0.7181358787198203
1537599.9999765018, 0.7175743964065132
1537599.9999765283, 0.7170129140932061
1537599.9999767572, 0.7164514317798989
1537599.9999772771, 0.7158899494665918
1537600.0000341996, 0.7153284671532847
1537600.000091638, 0.7147669848399776
1537600.0000927304, 0.7142055025266704
1550050.0000457005, 0.7136440202133633
1562499.9999989788, 0.7130825379000562
1562499.9999998114, 0.712521055586749
1562500.0000003441, 0.7119595732734418
1562500.000000622, 0.7113980909601347
1575049.999953397, 0.7108366086468276
1587599.9999645902, 0.7102751263335205
1587600.0000230086, 0.7097136440202133
1587600.0000231317, 0.7091521617069062
1600249.9999760366, 0.7085906793935991
1612899.9999291832, 0.708029197080292
1612899.9999876046, 0.7074677147669849
1612900.0000464935, 0.7069062324536777
1612900.0000473736, 0.7063447501403706
1612900.0000474295, 0.7057832678270635
1612900.0000476958, 0.7052217855137564
1612900.0000479533, 0.7046603032004491
1612900.0000479533, 0.704098820887142
1625649.9999998151, 0.7035373385738349
1638399.9999523223, 0.7029758562605278
1638400.0000122543, 0.7024143739472206
1638400.000071568, 0.7018528916339135
1638400.0000718501, 0.7012914093206064
1638400.0000721412, 0.7007299270072993
1651250.0000241078, 0.7001684446939921
1664099.9999760406, 0.699606962380685
1664099.999976201, 0.6990454800673779
1664099.9999764506, 0.6984839977540708
1664099.999976588, 0.6979225154407637
1664100.000036136, 0.6973610331274565
1677050.0000469545, 0.6967995508141493
1689999.9999988251, 0.6962380685008422
1689999.9999997257, 0.6956765861875351
1690000.0000000722, 0.6951151038742279
1690000.0000000722, 0.6945536215609208
1690000.0000003725, 0.6939921392476137
1690000.0000006726, 0.6934306569343066
1690000.0000006726, 0.6928691746209994
1690000.0000007832, 0.6923076923076923
1703049.9999516823, 0.6917462099943852
1716099.9999027755, 0.6911847276810781
1716099.9999637771, 0.6906232453677709
1729249.999975394, 0.6900617630544638
1742399.9999263138, 0.6895002807411567
1742399.9999263138, 0.6889387984278496
1742399.9999265294, 0.6883773161145423
1742399.9999877247, 0.6878158338012352
1742400.000048995, 0.6872543514879281
1742400.0000495203, 0.686692869174621
1742400.000049811, 0.6861313868613139
1755649.9999998412, 0.6855699045480067
1768899.9999498345, 0.6850084222346996
1768899.9999501915, 0.6844469399213925
1768899.999950574, 0.6838854576080854
1768900.0000121878, 0.6833239752947782
1768900.0000740371, 0.6827624929814711
1782250.0000237604, 0.682201010668164
1795599.9999738033, 0.6816395283548569
1795599.999974498, 0.6810780460415496
1795599.9999748552, 0.6805165637282425
1795599.9999751174, 0.6799550814149354
1795599.999975436, 0.6793935991016283
1795600.0000380962, 0.6788321167883211
1795600.0001004948, 0.678270634475014
1809050.0000493433, 0.6777091521617069
1822499.999998135, 0.6771476698483998
1822499.9999988065, 0.6765861875350927
1822499.9999997367, 0.6760247052217855
1822500.0000003122, 0.6754632229084784
1822500.0000006293, 0.6749017405951713
1822500.0000006869, 0.6743402582818642
1836049.999948762, 0.673778775968557
1849599.9999601096, 0.6732172936552498
1849600.0000241352, 0.6726558113419427
1849600.0000250386, 0.6720943290286356
1849600.0000252873, 0.6715328467153284
1849600.0000253452, 0.6709713644020213
1849600.0000257152, 0.6704098820887142
1863249.999974984, 0.6698483997754071
1876899.999924075, 0.6692869174620999
1876899.999987345, 0.6687254351487928
1890649.999998541, 0.6681639528354857
1904399.9999476918, 0.6676024705221786
1904399.999949045, 0.6670409882088714
1904400.0000132965, 0.6664795058955643
1904400.00007744, 0.6659180235822572
1918250.000024884, 0.66535654126895
1932099.999972132, 0.664795058955643
1932099.999972132, 0.6642335766423357
1932099.9999728184, 0.6636720943290286
1932099.9999741816, 0.6631106120157215
1932099.999974868, 0.6625491297024144
1932099.999974947, 0.6619876473891072
1932100.0000392853, 0.6614261650758001
1946050.0000507743, 0.660864682762493
1959999.9999979946, 0.6603032004491859
1959999.9999986212, 0.6597417181358787
1959999.9999992875, 0.6591802358225716
1959999.9999993476, 0.6586187535092645
1959999.9999996782, 0.6580572711959574
1960000.0000001858, 0.6574957888826501
1960000.000000442, 0.656934306569343
1960000.0000005611, 0.6563728242560359
1960000.0000007004, 0.6558113419427288
1974049.9999483288, 0.6552498596294217
1988099.9999600537, 0.6546883773161145
1988100.0000248807, 0.6541268950028074
1988100.0000255415, 0.6535654126895003
1988100.0000256514, 0.6530039303761932
1988100.000026042, 0.652442448062886
1988100.0000266936, 0.6518809657495789
1988100.0000270545, 0.6513194834362718
1988100.0000270545, 0.6507580011229647
2002249.9999737092, 0.6501965188096575
2016399.9999207878, 0.6496350364963503
2016399.9999860239, 0.6490735541830432
2016400.0000515624, 0.6485120718697361
2016400.0000525913, 0.6479505895564289
2016400.0000529396, 0.6473891072431218
2016400.000052985, 0.6468276249298147
2016400.000053303, 0.6462661426165076
2030649.9999991283, 0.6457046603032004
2044899.9999453065, 0.6451431779898933
2044899.9999459875, 0.6445816956765862
2044899.9999464066, 0.6440202133632791
2044899.999947128, 0.643458731049972
2044899.9999474809, 0.6428972487366648
2044900.0000137188, 0.6423357664233577
2044900.000079968, 0.6417742841100506
2059250.0000261827, 0.6412128017967434
2073599.9999724173, 0.6406513194834362
2073599.9999728776, 0.6400898371701291
2073599.9999736347, 0.639528354856822
2073600.0000409354, 0.6389668725435149
2073600.000108011, 0.6384053902302077
2088050.000054122, 0.6378439079169006
2102500.00000035, 0.6372824256035935
2102500.000000723, 0.6367209432902864
2102500.0000008363, 0.6361594609769792
2117049.99994603, 0.6355979786636721
2131599.9998912574, 0.635036496350365
2131599.9999590786, 0.6344750140370579
2146249.9999720287, 0.6339135317237508
2160899.9999179547, 0.6333520494104435
2160899.99991879, 0.6327905670971364
2160899.9999864586, 0.6322290847838293
2160900.0000543995, 0.6316676024705222
2160900.000054799, 0.631106120157215
2160900.000054867, 0.6305446378439079
2175649.999999866, 0.6299831555306008
2190399.999944857, 0.6294216732172937
2190399.9999452997, 0.6288601909039865
2190399.999945759, 0.6282987085906794
2205249.9999578777, 0.6277372262773723
2220099.999971606, 0.6271757439640652
2220100.000042566, 0.626614261650758
2220100.000112014, 0.6260527793374508
2235050.000054914, 0.6254912970241437
2249999.999998886, 0.6249298147108366
2250000.000000075, 0.6243683323975294
2250000.00000008, 0.6238068500842223
2250000.000000085, 0.6232453677709152
2250000.000000091, 0.6226838854576081
2250000.0000004107, 0.622122403144301
2250000.00000081, 0.6215609208309938
2250000.000000895, 0.6209994385176867
2250000.0000011087, 0.6204379562043796
2265050.0000142436, 0.6198764738910725
2280100.0000273595, 0.6193149915777653
2280100.0000277823, 0.6187535092644582
2280100.0000280878, 0.618192026951151
2280100.0000285236, 0.617630544637844
2295249.999970791, 0.6170690623245367
2310399.9999845168, 0.6165075800112296
2310400.0000564773, 0.6159460976979225
2310400.0000570603, 0.6153846153846154
2310400.000057522, 0.6148231330713082
2310400.0000575436, 0.6142616507580011
2325649.9999998803, 0.613700168444694
2340899.9999422496, 0.6131386861313869
2340900.0000139363, 0.6125772038180798
2340900.0000856332, 0.6120157215047726
2340900.0000858884, 0.6114542391914655
2356250.0000282717, 0.6108927568781584
2371599.9999709465, 0.6103312745648513
2371600.0000430923, 0.609769792251544
2387050.0000569755, 0.6092083099382369
2402499.999999227, 0.6086468276249298
2402499.999999243, 0.6080853453116227
2402499.999999447, 0.6075238629983155
2402500.0000002016, 0.6069623806850084
2402500.0000008233, 0.6064008983717013
2418049.999942792, 0.6058394160583942
2433599.999956906, 0.605277933745087
2433600.0000291388, 0.6047164514317799
2433600.0000291606, 0.6041549691184728
2433600.000029593, 0.6035934868051657
2433600.0000301804, 0.6030320044918585
2449249.9999713413, 0.6024705221785513
2464899.9999127984, 0.6019090398652442
2464899.999913306, 0.6013475575519371
2464899.9999134513, 0.60078607523863
2464899.999984753, 0.6002245929253228
2464900.0000568465, 0.5996631106120157
2464900.0000586538, 0.5991016282987086
2480650.0000004075, 0.5985401459854015
2512249.9999553524, 0.5979786636720943
2528099.9999696165, 0.5974171813587872
2528099.999970019, 0.5968556990454801
2528099.99997038, 0.596294216732173
2528099.999970938, 0.5957327344188658
2528099.99997139, 0.5951712521055587
2528099.99997139, 0.5946097697922516
2528099.9999713902, 0.5940482874789444
2528099.9999713902, 0.5934868051656372
2528099.999971401, 0.5929253228523301
2544049.9999843966, 0.592363840539023
2559999.9999987446, 0.5918023582257159
2560000.0000001146, 0.5912408759124088
2560000.0000003874, 0.5906793935991016
2560000.000000791, 0.5901179112857945
2560000.000000973, 0.5895564289724874
2560000.000001019, 0.5889949466591803
2576049.999940922, 0.5884334643458731
2592099.999954081, 0.587871982032566
2592100.000028137, 0.5873104997192589
2592100.000029018, 0.5867490174059518
2592100.0000291383, 0.5861875350926445
2592100.0000295807, 0.5856260527793374
2592100.000030027, 0.5850645704660303
2592100.0000300845, 0.5845030881527232
2592100.000030525, 0.583941605839416
2592100.0000311346, 0.5833801235261089
2608249.999969054, 0.5828186412128018
2624399.999907734, 0.5822571588994947
2624399.999909075, 0.5816956765861875
2624399.999909995, 0.5811341942728804
2624399.999984092, 0.5805727119595733
2624400.000058597, 0.5800112296462662
2624400.0000605304, 0.5794497473329591
2640649.9999990454, 0.5788882650196518
2656899.999938447, 0.5783267827063447
2656899.9999403697, 0.5777653003930376
2656900.0000161687, 0.5772038180797305
2656900.000092036, 0.5766423357664233
2673250.0000306126, 0.5760808534531162
2689599.999969285, 0.5755193711398091
2689599.999969503, 0.574957888826502
2689599.999969526, 0.5743964065131948
2689599.999969934, 0.5738349241998877
2689600.0000458313, 0.5732734418865806
2689600.000121815, 0.5727119595732735
2706050.0000597597, 0.5721504772599663
2722499.999997215, 0.5715889949466592
2722499.999997215, 0.571027512633352
2722499.999997215, 0.570466030320045
2722499.9999986654, 0.5699045480067377
2722500.0000001164, 0.5693430656934306
2722500.000000125, 0.5687815833801235
2722500.0000001397, 0.5682201010668164
2722500.0000006147, 0.5676586187535093
2722500.000001142, 0.5670971364402021
2739049.9999393793, 0.566535654126895
2755599.9999528294, 0.5659741718135879
2755600.0000281003, 0.5654126895002808
2755600.000029103, 0.5648512071869736
2755600.0000305166, 0.5642897248736665
2755600.0000309823, 0.5637282425603594
2755600.0000310377, 0.5631667602470523
2755600.0000310377, 0.562605277933745
2755600.000031055, 0.5620437956204379
2755600.000031379, 0.5614823133071308
2755600.0000317567, 0.5609208309938237
2755600.0000318983, 0.5603593486805165
2755600.000031993, 0.5597978663672094
2755600.0000320636, 0.5592363840539023
2772249.999967969, 0.5586749017405952
2788899.9999058093, 0.5581134194272881
2788899.9999835747, 0.5575519371139809
2788900.000060142, 0.5569904548006738
2788900.000061175, 0.5564289724873667
2788900.000061877, 0.5558674901740596
2788900.00006234, 0.5553060078607523
2788900.0000623553, 0.5547445255474452
2788900.000062842, 0.5541830432341381
2805649.9999999274, 0.553621560920831
2822399.9999366403, 0.5530600786075238
2822399.9999371413, 0.5524985962942167
2822399.9999381565, 0.5519371139809096
2822400.0000168886, 0.5513756316676025
2822400.000095048, 0.5508141493542953
2839250.0000303476, 0.5502526670409882
2856099.9999655993, 0.5496911847276811
2856099.9999665236, 0.549129702414374
2856099.99996752, 0.5485682201010668
2856099.9999680547, 0.5480067377877597
2856099.999968589, 0.5474452554744526
2856099.9999691593, 0.5468837731611454
2873049.999984341, 0.5463222908478383
2889999.9999994333, 0.5457608085345311
2889999.9999999832, 0.545199326221224
2907050.000016569, 0.5446378439079169
2924100.000033051, 0.5440763615946098
2941249.999968905, 0.5435148792813026
2958399.999904869, 0.5429533969679955
2958399.99990504, 0.5423919146546884
2958399.9999051625, 0.5418304323413813
2958399.9999831542, 0.5412689500280741
2958400.000062002, 0.540707467714767
2958400.0000630035, 0.5401459854014599
2958400.0000630766, 0.5395845030881528
2958400.00006425, 0.5390230207748455
2975649.999998945, 0.5384615384615384
2992899.9999343837, 0.5379000561482313
2992899.9999365956, 0.5373385738349242
2992899.999936989, 0.5367770915216171
2992900.0000169403, 0.5362156092083099
2992900.00009734, 0.5356541268950028
2992900.0000978746, 0.5350926445816957
2992900.0000979602, 0.5345311622683886
3010250.000031263, 0.5339696799550814
3027599.9999661054, 0.5334081976417743
3027599.999968232, 0.5328467153284672
3027599.999969042, 0.5322852330151601
3027600.000049523, 0.5317237507018528
3045050.0000632866, 0.5311622683885457
3062499.9999978608, 0.5306007860752386
3062499.9999988684, 0.5300393037619315
3062499.999999988, 0.5294778214486243
3062500.0000011194, 0.5289163391353172
3062500.0000011814, 0.5283548568220101
3062500.0000012186, 0.527793374508703
3062500.0000012815, 0.5272318921953958
3080049.9999346603, 0.5266704098820887
3097599.9998690896, 0.5261089275687816
3097599.999951249, 0.5255474452554745
3097600.0000326056, 0.5249859629421674
3097600.000033465, 0.5244244806288602
3097600.000034015, 0.523862998315553
3115249.999967621, 0.523301516002246
3132899.9999015704, 0.5227400336889388
3132899.999902089, 0.5221785513756316
3132899.9999023024, 0.5216170690623245
3150649.999916394, 0.5210555867490174
3168399.9999319944, 0.5204941044357103
3168399.9999336516, 0.5199326221224031
3168399.999933793, 0.519371139809096
3168399.999934489, 0.5188096574957889
3168399.9999352796, 0.5182481751824818
3186249.999950487, 0.5176866928691746
3204099.999965613, 0.5171252105558675
3204099.999966681, 0.5165637282425604
3204099.999967819, 0.5160022459292533
3204099.999968022, 0.5154407636159462
3204100.000050511, 0.5148792813026389
3204100.000133712, 0.5143177989893318
3222050.000065599, 0.5137563166760247
3239999.999996685, 0.5131948343627176
3239999.9999977853, 0.5126333520494104
3239999.9999989104, 0.5120718697361033
3239999.9999995623, 0.5115103874227962
3240000.000000202, 0.5109489051094891
3240000.0000002338, 0.5103874227961819
3258049.9999310225, 0.5098259404828748
3276099.999862873, 0.5092644581695677
3276099.9998645457, 0.5087029758562606
3276099.9999494227, 0.5081414935429533
3276100.000033823, 0.5075800112296462
3276100.0000342336, 0.5070185289163391
3294249.9999662098, 0.506457046603032
3312399.999898754, 0.5058955642897248
3312399.999983269, 0.5053340819764177
3312400.0000669584, 0.5047725996631106
3312400.000067463, 0.5042111173498035
3312400.000068523, 0.5036496350364964
3312400.000069118, 0.5030881527231892
3312400.0000694282, 0.5025266704098821
3330650.000000812, 0.501965188096575
3348899.999931911, 0.5014037057832679
3348899.999932549, 0.5008422234699607
3348900.0000171796, 0.5002807411566536
3348900.000101238, 0.49971925884334645
3348900.000102435, 0.4991577765300393
3367250.000032928, 0.4985962942167322
3385599.999963388, 0.498034811903425
3385599.9999651145, 0.4974733295901179
3385599.999965794, 0.49691184727681076
3385599.999965871, 0.49635036496350365
3385599.999966473, 0.4957888826501965
3385600.0000520106, 0.4952274003368894
3404050.0000667227, 0.49466591802358223
3422499.9999964987, 0.4941044357102751
3422499.9999976023, 0.493542953396968
3422499.999999117, 0.49298147108366086
3422499.999999854, 0.49241998877035376
3422500.0000002184, 0.4918585064570466
3422500.00000081, 0.4912970241437395
3422500.000001362, 0.49073554183043233
3422500.000001362, 0.4901740595171252
3422500.000001375, 0.48961257720381807
3441049.9999320386, 0.48905109489051096
3459599.9999468974, 0.4884896125772038
3459600.0000311057, 0.4879281302638967
3459600.000032282, 0.48736664795058954
3459600.0000339746, 0.48680516563728243
3459600.0000346685, 0.4862436833239753
3459600.0000351956, 0.48568220101066817
3459600.000035784, 0.485120718697361
3478249.9999639746, 0.4845592363840539
3496899.9998931624, 0.48399775407074674
3496899.9999813978, 0.48343627175743964
3496900.0000698986, 0.48287478944413254
3515650.000000757, 0.4823133071308254
3534399.999930743, 0.48175182481751827
3534400.000018915, 0.4811903425042111
3553250.0000356403, 0.480628860190904
3572099.9999648854, 0.48006737787759685
3572099.9999649585, 0.47950589556428974
3572099.999965821, 0.4789444132509826
3572100.0000537974, 0.4783829309376755
3572100.0001409277, 0.4778214486243683
3591050.00006993, 0.4772599663110612
3609999.9999995395, 0.47669848399775405
3610000.0000007413, 0.47613700168444695
3610000.000001383, 0.4755755193711398
3610000.000001464, 0.4750140370578327
3629049.999929646, 0.4744525547445255
3648099.9998583244, 0.4738910724312184
3648099.9999453453, 0.47332959011791126
3648100.0000318433, 0.47276810780460415
3648100.000031844, 0.47220662549129705
3648100.0000337036, 0.4716451431779899
3667249.999963588, 0.4710836608646828
3686399.9998916956, 0.4705221785513756
3686399.999892289, 0.4699606962380685
3686399.999892821, 0.46939921392476136
3686399.999893428, 0.46883773161145426
3686399.999982276, 0.4682762492981471
3686400.0000710897, 0.46771476698484
3686400.0000717165, 0.46715328467153283
3686400.0000718054, 0.4665918023582257
3686400.0000722967, 0.46603032004491857
3686400.0000728834, 0.46546883773161146
3705650.0000000815, 0.4649073554183043
3724899.999927678, 0.4643458731049972
3724899.9999282234, 0.46378439079169004
3724899.999928922, 0.46322290847838293
3724899.999929583, 0.4626614261650758
3724899.9999295836, 0.46209994385176867
3724899.999929584, 0.46153846153846156
3724900.0000181952, 0.4609769792251544
3724900.000107406, 0.4604154969118473
3744250.0000353055, 0.45985401459854014
3763599.9999632593, 0.45929253228523303
3763599.9999645827, 0.4587310499719259
3763599.9999652794, 0.45816956765861877
3763599.9999653343, 0.4576080853453116
3763599.9999654726, 0.4570466030320045
3783049.999982301, 0.45648512071869735
3802499.9999996424, 0.45592363840539024
3802500.0000008894, 0.4553621560920831
3802500.000001513, 0.454800673778776
3802500.000001513, 0.4542391914654688
3822050.0000184095, 0.4536777091521617
3841600.000036017, 0.45311622683885455
3841600.000037382, 0.45255474452554745
3861249.999961992, 0.4519932622122403
3880899.999887459, 0.4514317798989332
3880899.9998893654, 0.4508702975856261
3880899.9998899214, 0.4503088152723189
3880899.999891094, 0.4497473329590118
3880899.9999821056, 0.44918585064570465
3880900.000072649, 0.44862436833239755
3880900.000073349, 0.4480628860190904
3880900.000073529, 0.4475014037057833
3880900.000073553, 0.4469399213924761
3880900.000074243, 0.446378439079169
3880900.000074933, 0.44581695676586186
3880900.00007503, 0.44525547445255476
3900650.00000038, 0.4446939921392476
3920399.9999265186, 0.4441325098259405
3920399.999927602, 0.44357102751263333
3920399.99992794, 0.4430095451993262
3940249.999943481, 0.44244806288601907
3960099.9999609916, 0.44188658057271196
3960099.9999638055, 0.4413250982594048
3960099.9999646083, 0.4407636159460977
3960100.0000559604, 0.4402021336327906
3960100.0001474423, 0.43964065131948343
3960100.000148757, 0.43907916900617633
3980050.000072875, 0.43851768669286917
3999999.999997328, 0.43795620437956206
3999999.9999987492, 0.4373947220662549
3999999.9999992857, 0.4368332397529478
4000000.000000039, 0.43627175743964064
4000000.000000924, 0.43571027512633353
4000000.0000015916, 0.4351487928130264
4000000.0000015916, 0.43458731049971927
4000000.0000016773, 0.4340258281864121
4020050.0000189194, 0.433464345873105
4040100.0000361474, 0.43290286355979785
4040100.000037533, 0.43234138124649074
4040100.0000389465, 0.4317798989331836
4040100.000039118, 0.4312184166198765
4060250.0000551334, 0.4306569343065693
4080400.0000730734, 0.4300954519932622
4080400.0000762306, 0.4295339696799551
4100650.000000911, 0.42897248736664795
4120899.999924491, 0.42841100505334084
4120899.9999252697, 0.4278495227400337
4120899.9999259873, 0.4272880404267266
4120899.9999260018, 0.4267265581134194
4120899.9999260595, 0.4261650758001123
4120899.99992619, 0.42560359348680515
4120900.0000202865, 0.42504211117349805
4120900.000114686, 0.4244806288601909
4141250.0000378005, 0.4239191465468838
4161599.9999606144, 0.4233576642335766
4161599.9999620635, 0.4227961819202695
4161599.9999635136, 0.42223469960696236
4161599.999963629, 0.42167321729365526
4161600.000058653, 0.4211117349803481
4182050.000076852, 0.420550252667041
4202500.000000557, 0.41998877035373383
4202500.000001205, 0.4194272880404267
4202500.0000015125, 0.4188658057271196
4202500.000001687, 0.41830432341381246
4223049.9999242, 0.41774284110050536
4243599.999941988, 0.4171813587871982
4243600.000037871, 0.4166198764738911
4243600.000039086, 0.41605839416058393
4243600.000039913, 0.41549691184727683
4264249.999963061, 0.41493542953396967
4284899.999981618, 0.41437394722066256
4284900.000077289, 0.4138124649073554
4284900.000077803, 0.4132509825940483
4284900.000078435, 0.41268950028074114
4284900.000078789, 0.41212801796743403
4284900.000078995, 0.4115665356541269
4284900.000079053, 0.41100505334081977
4305649.999998584, 0.4104435710275126
4326399.999921162, 0.4098820887142055
4326399.999924413, 0.40932060640089835
4326399.999924708, 0.40875912408759124
4326400.000019806, 0.40819764177428414
4326400.000115502, 0.407636159460977
4326400.000116285, 0.40707467714766987
4326400.000117005, 0.4065131948343627
4326400.000117803, 0.4059517125210556
4347250.00003891, 0.40539023020774845
4368099.999960177, 0.40482874789444134
4368099.9999608155, 0.4042672655811342
4368099.999961201, 0.4037057832678271
4368099.999962345, 0.4031443009545199
4368100.000060221, 0.4025828186412128
4389050.000076249, 0.40202133632790565
4409999.9999971, 0.40145985401459855
4409999.999999241, 0.4008983717012914
4409999.999999882, 0.4003368893879843
4410000.000000091, 0.3997754070746771
4410000.0000002105, 0.39921392476137
4410000.000000904, 0.39865244244806286
4431050.000020552, 0.39809096013475576
4452100.000040165, 0.39752947782144865
4452100.000040937, 0.3969679955081415
4473249.999959006, 0.3964065131948344
4494399.999879386, 0.3958450308815272
4494399.999979597, 0.3952835485682201
4515649.999999002, 0.39472206625491296
4536899.999921776, 0.39416058394160586
4536900.000018645, 0.3935991016282987
4536900.000116594, 0.3930376193149916
4536900.000119083, 0.39247613700168443
4536900.00012017, 0.39191465468837733
4558250.000038218, 0.39135317237507017
4579599.999956991, 0.39079169006176306
4579599.9999586325, 0.3902302077484559
4579600.000060001, 0.3896687254351488
4601050.000079963, 0.38910724312184164
4622499.999998723, 0.38854576080853453
4622499.99999939, 0.3879842784952274
4622500.000000024, 0.38742279618192027
4622500.000000946, 0.38686131386861317
4622500.000001886, 0.386299831555306
4644049.9999181125, 0.3857383492419989
4665599.999836677, 0.38517686692869174
4665599.999839869, 0.38461538461538464
4665599.999940437, 0.3840539023020775
4665600.000040211, 0.38349241998877037
4665600.000040328, 0.3829309376754632
4665600.000040455, 0.3823694553621561
4665600.000041038, 0.38180797304884895
4665600.000041844, 0.38124649073554184
4665600.000042089, 0.3806850084222347
4665600.000042089, 0.3801235261089276
4665600.000042089, 0.3795620437956204
4665600.000042273, 0.3790005614823133
4665600.000042672, 0.37843907916900615
4687249.999961751, 0.37787759685569905
4708899.999978318, 0.3773161145423919
4708900.000079366, 0.3767546322290848
4708900.000082713, 0.3761931499157777
4708900.000082852, 0.3756316676024705
4730650.000000101, 0.3750701852891634
4752399.999918039, 0.37450870297585626
4752399.9999189675, 0.37394722066254915
4752400.000019731, 0.373385738349242
4752400.000121771, 0.3728242560359349
4774250.000042055, 0.3722627737226277
4796099.999961022, 0.3717012914093206
4818049.999978066, 0.37113980909601346
4839999.999996565, 0.37057832678270636
4839999.999998128, 0.3700168444693992
4839999.999998253, 0.3694553621560921
4839999.999999253, 0.36889387984278493
4840000.000000184, 0.36833239752947783
4840000.000000746, 0.36777091521617067
4840000.000001457, 0.36720943290286356
4840000.0000017695, 0.3666479505895564
4840000.000001926, 0.3660864682762493
4840000.000001989, 0.3655249859629422
4840000.000002176, 0.36496350364963503
4862049.9999199975, 0.36440202133632793
4884099.999939125, 0.36384053902302077
4884100.000041911, 0.36327905670971367
4906249.999959598, 0.3627175743964065
4928399.99987692, 0.3621560920830994
4928399.999979533, 0.36159460976979224
4928400.000082659, 0.36103312745648514
4950650.000000715, 0.360471645143178
4972899.999918295, 0.35991016282987087
4972900.000021242, 0.3593486805165637
4972900.000124015, 0.3587871982032566
4995250.000042568, 0.35822571588994945
5017600.000062719, 0.35766423357664234
5040050.000081671, 0.3571027512633352
5062499.999998305, 0.3565412689500281
5062500.00000008, 0.3559797866367209
5085049.999916725, 0.3554183043234138
5107599.999831779, 0.35485682201010665
5107599.999934353, 0.35429533969679955
5130249.999954671, 0.35373385738349244
5152899.999873564, 0.3531723750701853
5152899.9999797195, 0.3526108927568782
5152900.000085587, 0.352049410443571
5152900.000086453, 0.3514879281302639
5152900.000086566, 0.35092644581695676
5152900.00008676, 0.35036496350364965
5175650.000000333, 0.3498034811903425
5198399.999915576, 0.3492419988770354
5198400.000021584, 0.3486805165637282
5198400.000126265, 0.3481190342504211
5198400.000126975, 0.34755755193711396
5198400.000127436, 0.34699606962380686
5221250.000041747, 0.3464345873104997
5244099.999955918, 0.3458731049971926
5244099.999957741, 0.34531162268388543
5244099.999959499, 0.34475014037057833
5244100.000064165, 0.34418865805727117
5244100.000169579, 0.34362717574396406
5267050.000085242, 0.34306569343065696
5290000.000001116, 0.3425042111173498
5290000.000002334, 0.3419427288040427
5313049.999916502, 0.34138124649073553
5336099.999936836, 0.34081976417742843
5336100.000043254, 0.34025828186412127
5359249.999954066, 0.33969679955081417
5382399.999867721, 0.339135317237507
5382399.999871448, 0.3385738349241999
5382399.999872734, 0.33801235261089274
5382399.999977041, 0.33745087029758564
5382400.00008092, 0.3368893879842785
5382400.000083294, 0.33632790567097137
5382400.000086186, 0.3357664233576642
5382400.0000879, 0.3352049410443571
5405649.999998371, 0.33464345873104995
5428899.999910493, 0.33408197641774284
5428899.9999139365, 0.3335204941044357
5428899.999914931, 0.3329590117911286
5428900.000023959, 0.3323975294778215
5428900.000132987, 0.3318360471645143
5452250.000044177, 0.3312745648512072
5475599.99995557, 0.33071308253790005
5475599.999956358, 0.33015160022459294
5475599.99995757, 0.3295901179112858
5475599.999958627, 0.3290286355979787
5475600.000065646, 0.3284671532846715
5499050.000085394, 0.3279056709713644
5522499.999999195, 0.32734418865805726
5522500.000000235, 0.32678270634475015
5522500.000001216, 0.326221224031443
5522500.000002197, 0.3256597417181359
5522500.000002348, 0.3250982594048287
5546050.000020379, 0.3245367770915216
5569600.000041151, 0.32397529477821446
5569600.00004412, 0.32341381246490736
5569600.000045184, 0.3228523301516002
5569600.000046208, 0.3222908478382931
5569600.000046242, 0.321729365524986
5569600.000046242, 0.32116788321167883
5593249.999956018, 0.3206064008983717
5616899.999866787, 0.32004491858506456
5616899.999867793, 0.31948343627175746
5616899.999867806, 0.3189219539584503
5616899.999868652, 0.3183604716451432
5616899.9998695655, 0.31779898933183603
5616899.999979101, 0.31723750701852893
5616900.000088587, 0.31667602470522177
5616900.000089379, 0.31611454239191467
5616900.000090338, 0.3155530600786075
5640650.000001084, 0.3149915777653004
5664399.999912619, 0.31443009545199324
5664400.000023147, 0.31386861313868614
5664400.000133976, 0.313307130825379
5688250.0000452455, 0.31274564851207187
5712099.999955485, 0.3121841661987647
5736049.999977065, 0.3116226838854576
5759999.999998805, 0.3110612015721505
5759999.999999751, 0.31049971925884334
5760000.000001056, 0.30993823694553624
5760000.000002019, 0.3093767546322291
5760000.0000022575, 0.308815272318922
5760000.000002326, 0.3082537900056148
5784049.999910383, 0.3076923076923077
5808099.999819058, 0.30713082537900055
5808099.999821233, 0.30656934306569344
5808099.999934856, 0.3060078607523863
5808100.00004708, 0.3054463784390792
5808100.0000472, 0.304884896125772
5832249.999957014, 0.3043234138124649
5856399.999977453, 0.30376193149915776
5856400.000090074, 0.30320044918585065
5880649.999999771, 0.3026389668725435
5904899.999909649, 0.3020774845592364
5904900.000020785, 0.3015160022459292
5904900.000129744, 0.3009545199326221
5904900.000129744, 0.300393037619315
5904900.000133941, 0.29983155530600786
5904900.000138152, 0.29927007299270075
5929250.000043314, 0.2987085906793936
5953600.000062081, 0.2981471083660865
5953600.000180211, 0.29758562605277933
5978050.00008929, 0.2970241437394722
6002499.999993859, 0.29646266142616506
6002499.999996174, 0.29590117911285796
6002499.999999308, 0.2953396967995508
6002500.000001257, 0.2947782144862437
6027049.999911036, 0.29421673217293653
6076249.999952728, 0.29365524985962943
6100900.000088889, 0.29309376754632227
6100900.00009214, 0.29253228523301517
6100900.000092275, 0.291970802919708
6100900.000092305, 0.2914093206064009
6100900.000092336, 0.29084783829309374
6100900.000093388, 0.29028635597978664
6125649.99999788, 0.28972487366647953
6150399.999903681, 0.28916339135317237
6150399.999906959, 0.28860190903986527
6150400.000022143, 0.2880404267265581
6175250.000043949, 0.287478944413251
6200099.999951839, 0.28691746209994384
6200099.999952443, 0.28635597978663674
6200099.999953287, 0.2857944974733296
6200099.999954861, 0.2852330151600225
6200099.999955963, 0.2846715328467153
6225049.999976926, 0.2841100505334082
6249999.999997887, 0.28354856822010105
6249999.9999981, 0.28298708590679394
6249999.999998942, 0.2824256035934868
6249999.9999999795, 0.2818641212801797
6250000.000000329, 0.2813026389668725
6250000.000001688, 0.2807411566535654
6275050.000021644, 0.28017967434025826
6300100.000044782, 0.27961819202695115
6325250.000070628, 0.27905670971364405
6350400.000093073, 0.2784952274003369
6350400.000094147, 0.2779337450870298
6350400.000094185, 0.2773722627737226
6375649.99999876, 0.2768107804604155
6400899.999904527, 0.27624929814710836
6400899.999907025, 0.27568781583380125
6400900.00002156, 0.2751263335204941
6400900.000139069, 0.274564851207187
6400900.000143617, 0.27400336889387983
6400900.000143922, 0.2734418865805727
6426250.000045004, 0.27288040426726556
6451599.999946087, 0.27231892195395846
6451599.999948379, 0.2717574396406513
6451599.999951763, 0.2711959573273442
6451599.999952864, 0.27063447501403703
6477049.999975374, 0.27007299270072993
6502499.999999888, 0.26951151038742277
6502500.0000022445, 0.26895002807411567
6528049.999906067, 0.26838854576080856
6553599.9998095445, 0.2678270634475014
6553599.999927427, 0.2672655811341943
6553600.0000478, 0.26670409882088714
6579249.999954654, 0.26614261650758003
6604899.999977542, 0.26558113419427287
6630650.000001118, 0.26501965188096577
6656399.999906352, 0.2644581695676586
6656399.9999066815, 0.2638966872543515
6656400.000024403, 0.26333520494104434
6682250.000045681, 0.26277372262773724
6708099.999950683, 0.2622122403144301
6708099.999953037, 0.261650758001123
6708099.999954261, 0.2610892756878158
6708099.99995463, 0.2605277933745087
6708100.000072843, 0.25996631106120155
6734050.000094462, 0.25940482874789444
6760000.00000038, 0.2588433464345873
6760000.000002876, 0.2582818641212802
6786049.999905655, 0.2577203818079731
6812099.999924948, 0.2571588994946659
6812100.000041646, 0.2565974171813588
6812100.0000440385, 0.25603593486805165
6812100.000047668, 0.25547445255474455
6812100.000050245, 0.2549129702414374
6838249.999951387, 0.2543514879281303
6864399.999851228, 0.2537900056148231
6864399.99997458, 0.253228523301516
6864400.000099113, 0.25266704098820886
6864400.000100333, 0.25210555867490175
6890650.000000098, 0.2515440763615946
6916899.9999026, 0.2509825940482875
6916900.000027526, 0.25042111173498033
6916900.000149716, 0.24985962942167322
6943250.00005042, 0.2492981471083661
6996049.999971969, 0.24873666479505896
7022499.999992815, 0.24817518248175183
7022499.999996258, 0.2476137001684447
7022500.0, 0.24705221785513756
7022500.000001528, 0.24649073554183043
7022500.000002777, 0.2459292532285233
7049050.000022552, 0.24536777091521617
7075600.000044651, 0.24480628860190903
7075600.000047164, 0.2442448062886019
7075600.000048, 0.24368332397529477
7075600.000050514, 0.24312184166198764
7102250.000075908, 0.2425603593486805
7128900.000099611, 0.24199887703537337
7128900.000099791, 0.24143739472206627
7155649.999999823, 0.24087591240875914
7182399.999900235, 0.240314430095452
7182400.000025398, 0.23975294778214487
7209250.000175282, 0.23919146546883774
7236100.000201758, 0.2386299831555306
7263050.000100318, 0.23806850084222347
7289999.999997741, 0.23750701852891634
7289999.999998791, 0.2369455362156092
7290000.000001303, 0.23638405390230208
7290000.000003054, 0.23582257158899494
7317050.000027861, 0.2352610892756878
7344100.000052997, 0.23469960696238068
7371249.999949741, 0.23413812464907355
7398399.999847145, 0.23357664233576642
7398399.999848267, 0.23301516002245928
7398399.999848411, 0.23245367770915215
7398399.999849377, 0.23189219539584502
7398399.999850721, 0.2313307130825379
7398399.999972472, 0.23076923076923078
7398400.0000990145, 0.23020774845592365
7425649.999997473, 0.22964626614261652
7452899.999894285, 0.22908478382930939
7452900.0000238735, 0.22852330151600225
7452900.000151327, 0.22796181920269512
7452900.000153751, 0.227400336889388
7480250.000050698, 0.22683885457608086
7507599.999947979, 0.22627737226277372
7507599.999949273, 0.2257158899494666
7507599.999950461, 0.22515440763615946
7507599.999951951, 0.22459292532285233
7507600.000079737, 0.2240314430095452
7535050.000099736, 0.22346996069623806
7562499.999997635, 0.22290847838293093
7562500.000003263, 0.2223469960696238
7590050.000026939, 0.22178551375631667
7617600.000051117, 0.22122403144300953
7645249.999949852, 0.2206625491297024
7672899.99984815, 0.2201010668163953
7672899.9998484645, 0.21953958450308816
7672899.9999773335, 0.21897810218978103
7672900.00010648, 0.2184166198764739
7700649.999997642, 0.21785513756316677
7728399.999891274, 0.21729365524985964
7728399.999895267, 0.2167321729365525
7728399.999898251, 0.21617069062324537
7728399.999900343, 0.21560920830993824
7728400.000026833, 0.2150477259966311
7728400.0001536645, 0.21448624368332397
7728400.000155028, 0.21392476137001684
7728400.000156621, 0.2133632790567097
7728400.000157984, 0.21280179674340258
7756250.000049245, 0.21224031443009544
7784099.999944043, 0.2116788321167883
7784099.99994819, 0.21111734980348118
7784099.999949409, 0.21055586749017405
7784099.999950792, 0.20999438517686692
7812049.999971554, 0.2094329028635598
7839999.999994922, 0.20887142055025268
7839999.999998739, 0.20830993823694555
7839999.999999801, 0.20774845592363841
7840000.000000122, 0.20718697361033128
7868050.000028368, 0.20662549129702415
7924249.9999453835, 0.20606400898371702
7952399.999838511, 0.20550252667040989
7952399.999842748, 0.20494104435710275
7952399.999969838, 0.20437956204379562
7952400.000099602, 0.2038180797304885
7952400.000103891, 0.20325659741718136
7980649.999995937, 0.20269511510387422
8008899.999891808, 0.2021336327905671
8008900.000026265, 0.20157215047725996
8008900.00015687, 0.20101066816395283
8008900.00015849, 0.2004491858506457
8008900.000159927, 0.19988770353733856
8037250.000054375, 0.19932622122403143
8065599.9999474855, 0.19876473891072433
8065600.000079563, 0.1982032565974172
8065600.00021176, 0.19764177428411006
8094050.00010463, 0.19708029197080293
8122499.999998651, 0.1965188096574958
8122500.00000007, 0.19595732734418866
8122500.000000196, 0.19539584503088153
8122500.000000265, 0.1948343627175744
8122500.0000020685, 0.19427288040426727
8151049.999894241, 0.19371139809096014
8179599.999917962, 0.193149915777653
8179600.000052452, 0.19258843346434587
8179600.000055602, 0.19202695115103874
8208250.000080891, 0.1914654688377316
8236900.000105778, 0.19090398652442447
8236900.000108777, 0.19034250421111734
8265649.99999721, 0.1897810218978102
8294399.99988713, 0.18921953958450308
8294399.999891489, 0.18865805727119594
8294399.999894477, 0.18809657495788884
8294400.000030123, 0.1875350926445817
8294400.000164233, 0.18697361033127458
8323250.000056842, 0.18641212801796744
8381049.999970425, 0.1858506457046603
8409999.999997372, 0.18528916339135318
8410000.000003347, 0.18472768107804605
8410000.000003388, 0.18416619876473891
8439049.999892242, 0.18360471645143178
8468099.999916028, 0.18304323413812465
8468100.000051081, 0.18248175182481752
8497249.999942645, 0.18192026951151039
8526399.99997012, 0.18135878719820325
8555649.99999409, 0.18079730488489612
8584899.999885313, 0.180235822571589
8584899.99988918, 0.17967434025828186
8584899.999890449, 0.17911285794497472
8584900.000029393, 0.1785513756316676
8614250.00019189, 0.17798989331836046
8643600.00021622, 0.17742841100505333
8673050.000106812, 0.17686692869174622
8702499.999998825, 0.1763054463784391
8702500.000001919, 0.17574396406513196
8702500.000003483, 0.17518248175182483
8732050.000028118, 0.1746209994385177
8761600.00005415, 0.17405951712521056
8761600.000056926, 0.17349803481190343
8761600.000058454, 0.1729365524985963
8761600.000058789, 0.17237507018528916
8791249.999946686, 0.17181358787198203
8820899.999970991, 0.1712521055586749
8820900.000109255, 0.17069062324536777
8820900.000110976, 0.17012914093206064
8820900.000111196, 0.1695676586187535
8820900.000112578, 0.16900617630544637
8880500.000030797, 0.16844469399213924
8940099.999948371, 0.1678832116788321
8940100.00008604, 0.16732172936552497
8970050.00011034, 0.16676024705221784
9000000.000000555, 0.16619876473891074
9030050.00002829, 0.1656372824256036
9060100.000053063, 0.16507580011229647
9060100.00005318, 0.16451431779898934
9060100.000054656, 0.1639528354856822
9060100.000057768, 0.16339135317237508
9060100.000059564, 0.16282987085906794
9060100.000059672, 0.1622683885457608
9090250.000087902, 0.16170690623245368
9120400.000116134, 0.16114542391914655
9150650.00000162, 0.16058394160583941
9180900.000028405, 0.16002245929253228
9211250.000055052, 0.15946097697922515
9272049.999968866, 0.15889949466591802
9302499.999998719, 0.15833801235261089
9302500.000000147, 0.15777653003930375
9302500.000001792, 0.15721504772599662
9302500.000003658, 0.1566535654126895
9302500.00000409, 0.15609208309938236
9333050.000031972, 0.15553060078607525
9394250.000085603, 0.15496911847276812
9455650.000000065, 0.154407636159461
9486400.000028938, 0.15384615384615385
9486400.000172578, 0.15328467153284672
9517250.000059284, 0.1527231892195396
9548099.999944465, 0.15216170690623246
9548100.000089979, 0.15160022459292533
9548100.000234503, 0.1510387422796182
9579050.000116143, 0.15047725996631106
9609999.999997236, 0.14991577765300393
9610000.000000652, 0.1493542953396968
9610000.000004131, 0.14879281302638966
9641049.999888286, 0.14823133071308253
9672099.99991355, 0.1476698483997754
9672100.000057865, 0.14710836608646827
9703249.999941532, 0.14654688377316114
9734399.999823743, 0.145985401459854
9734399.99997282, 0.14542391914654687
9765650.000003766, 0.14486243683323977
9796899.999887433, 0.14430095451993263
9796900.000031555, 0.1437394722066255
9828250.000053374, 0.14317798989331837
9859599.99993504, 0.14261650758001124
9891049.999967542, 0.1420550252667041
9922500.000000164, 0.14149354295339697
9922500.000004036, 0.14093206064008984
9954050.000030044, 0.1403705783267827
9985600.0000576, 0.13980909601347558
10017249.999935932, 0.13924761370016844
10048899.999815937, 0.1386861313868613
10048899.999823079, 0.13812464907355418
10048899.999967337, 0.13756316676024705
10080650.000143036, 0.13700168444693991
10144250.000057708, 0.13644020213363278
10176099.999940462, 0.13587871982032565
10176099.999944178, 0.13531723750701852
10176099.999944609, 0.13475575519371139
10176099.999944631, 0.13419427288040428
10176099.999944631, 0.13363279056709715
10176099.999945108, 0.13307130825379002
10208049.999974828, 0.13250982594048288
10272050.000030449, 0.13194834362717575
10304100.000058476, 0.13138686131386862
10304100.000062011, 0.1308253790005615
10336249.999940269, 0.13026389668725435
10368399.999966428, 0.12970241437394722
10368400.000118442, 0.1291409320606401
10368400.000122787, 0.12857944974733296
10368400.000124903, 0.12801796743402583
10400649.99999695, 0.1274564851207187
10432900.000024725, 0.12689500280741156
10432900.000182064, 0.12633352049410443
10432900.00018464, 0.1257720381807973
10465250.000062782, 0.12521055586749016
10497599.999940028, 0.12464907355418305
10497599.99994187, 0.12408759124087591
10497600.00008715, 0.12352610892756878
10530050.000115491, 0.12296462661426165
10562500.000000428, 0.12240314430095452
10562500.000003036, 0.12184166198764738
10595050.000035338, 0.12128017967434025
10660249.99994333, 0.12071869736103313
10725649.999844164, 0.120157215047726
10758400.000023384, 0.11959573273441887
10791250.000059573, 0.11903425042111174
10857049.99996402, 0.1184727681078046
10889999.99999464, 0.11791128579449747
10890000.000000544, 0.11734980348119034
10890000.000002503, 0.11678832116788321
10890000.000004381, 0.11622683885457608
10923049.99987914, 0.11566535654126894
10956099.999755774, 0.11510387422796182
10956099.999911854, 0.11454239191465469
11022499.999971233, 0.11398090960134756
11088900.000029534, 0.11341942728804043
11122250.0000595, 0.1128579449747333
11155600.000090877, 0.11229646266142616
11189050.000120845, 0.11173498034811903
11222500.00000004, 0.1111734980348119
11222500.000004109, 0.11061201572150477
11256050.000032745, 0.11005053340819765
11289600.000062011, 0.10948905109489052
11289600.000064988, 0.10892756878158338
11323249.999939322, 0.10836608646827625
11424499.999872467, 0.10780460415496912
11492099.999936938, 0.10724312184166199
11492099.999941383, 0.10668163952835485
11526049.999965163, 0.10612015721504772
11559999.999988172, 0.10555867490174059
11559999.999994466, 0.10499719258843346
11560000.000002053, 0.10443571027512634
11594049.999873798, 0.10387422796181921
11628099.99990401, 0.10331274564851207
11628100.000065956, 0.10275126333520494
11628100.000068143, 0.10218978102189781
11662249.999936689, 0.10162829870859068
11696399.999968551, 0.10106681639528355
11765000.000033885, 0.10050533408197641
11833599.999936156, 0.09994385176866928
11833599.999937985, 0.09938236945536216
11833600.000100676, 0.09882088714205503
11868050.000130624, 0.0982594048287479
11937049.99986896, 0.09769792251544077
11971599.99974272, 0.09713644020213363
11971599.999905966, 0.0965749578888265
11971600.000067085, 0.09601347557551937
12006249.99994047, 0.09545199326221224
12040899.999972895, 0.0948905109489051
12040900.000134084, 0.09432902863559797
12075650.000166543, 0.09376754632229085
12145250.000067245, 0.09320606400898372
12180100.000095755, 0.09264458169567659
12180100.000256266, 0.09208309938236946
12215050.000126405, 0.09152161706906232
12285050.00002911, 0.09096013475575519
12320100.000066116, 0.09039865244244806
12355249.999937057, 0.08983717012914093
12425649.999834217, 0.0892756878158338
12460899.999869028, 0.08871420550252666
12460900.00003846, 0.08815272318921955
12496250.000062354, 0.08759124087591241
12531599.99992792, 0.08702975856260528
12531599.999936823, 0.08646827624929815
12531600.000101779, 0.08590679393599102
12567050.000132523, 0.08534531162268388
12602500.000000536, 0.08478382930937675
12602500.000002347, 0.08422234699606962
12602500.000004461, 0.08366086468276249
12638050.000029054, 0.08309938236945537
12673600.000059502, 0.08253790005614824
12673600.000066256, 0.0819764177428411
12673600.000069102, 0.08141493542953397
12709249.999936147, 0.08085345311622684
12744899.999969501, 0.08029197080291971
12780650.000002328, 0.07973048848961257
12816399.99986695, 0.07916900617630544
12816400.000036228, 0.07860752386299831
12852250.000069521, 0.07804604154969118
12888099.999936076, 0.07748455923638406
12924049.999969156, 0.07692307692307693
12996050.000031393, 0.0763615946097698
13032100.000065263, 0.07580011229646266
13032100.000070088, 0.07523862998315553
13032100.000072403, 0.0746771476698484
13068249.999934267, 0.07411566535654127
13140649.999823697, 0.07355418304323413
13176900.000025019, 0.072992700729927
13176900.000203416, 0.07243121841661988
13213250.000068096, 0.07186973610331275
13249599.999930434, 0.07130825379000562
13249599.999935117, 0.07074677147669849
13359249.999859307, 0.07018528916339135
13468899.99978838, 0.06962380685008422
13505649.999993697, 0.06906232453677709
13579250.000061756, 0.06850084222346996
13653049.999963779, 0.06793935991016282
13764200.000069957, 0.06737787759685569
13913000.000035133, 0.06681639528354857
13987599.999926362, 0.06625491297024144
14025049.999965567, 0.06569343065693431
14100050.000035074, 0.06513194834362718
14175250.00009573, 0.06457046603032005
14212900.000131045, 0.06400898371701291
14250649.999997979, 0.06344750140370578
14326250.00007106, 0.06288601909039865
14364100.00028522, 0.06232453677709152
14402050.000143107, 0.06176305446378439
14516199.999889888, 0.06120157215047726
14592399.999960879, 0.060640089837170126
14630650.000001632, 0.060078607523863
14668899.999863159, 0.05951712521055587
14707249.999888273, 0.058955642897248736
14745599.999913387, 0.058394160583941604
14745600.000102678, 0.05783267827063447
14784050.00014628, 0.057271195957327346
14822500.00000061, 0.056709713644020214
14822500.000003017, 0.05614823133071308
14822500.0000065, 0.05558674901740595
14861050.000037417, 0.055025266704098824
14938250.000105932, 0.05446378439079169
15015650.000000365, 0.05390230207748456
15093250.000073403, 0.05334081976417743
15171050.000142561, 0.052779337450870295
15209999.999994833, 0.05221785513756317
15210000.000000097, 0.05165637282425604
15249050.000031065, 0.051094890510948905
15288100.000064995, 0.05053340819764177
15288100.000075858, 0.04997192588433464
15327250.000104612, 0.049410443571027515
15366400.000138652, 0.04884896125772038
15405649.999997504, 0.04828747894441325
15444899.999848519, 0.04772599663110612
15444900.000034608, 0.047164514317798986
15484250.000070948, 0.04660303200449186
15563049.999960545, 0.04604154969118473
15602500.000002798, 0.045480067377877596
15642049.999855593, 0.044918585064570464
15681599.999889357, 0.04435710275126333
15681600.000076868, 0.043795620437956206
15681600.000079999, 0.043234138124649074
15760999.99996585, 0.04267265581134194
15880249.999886163, 0.04211117349803481
15920099.999926232, 0.041549691184727684
15960049.999969104, 0.04098820887142055
16080200.000075506, 0.04042672655811342
16200650.00017661, 0.03986524424480629
16240900.000214532, 0.039303761931499155
16443650.000031821, 0.03874227961819203
16687249.999886494, 0.0381807973048849
16769049.999968205, 0.037619314991577765
16851050.000044487, 0.03705783267827063
16892100.000082925, 0.0364963503649635
16933249.999929994, 0.035934868051656375
16974399.999956325, 0.03537338573834924
17057000.00003291, 0.03481190342504211
17139599.999929763, 0.03425042111173498
17264249.999848887, 0.033688938798427846
17430649.99980312, 0.03312745648512072
17556199.999919478, 0.03256597417181359
17808799.999961227, 0.032004491858506456
18062600.00000102, 0.031443009545199324
18190250.00012289, 0.030881527231892195
18275650.00000669, 0.030320044918585063
18361249.999887355, 0.029758562605277934
18490100.000000805, 0.029197080291970802
18662499.999953866, 0.028635597978663673
18792249.999876477, 0.02807411566535654
18835600.00012541, 0.027512633352049412
18922600.000006787, 0.02695115103874228
19053249.999724276, 0.026389668725435148
19140649.99979811, 0.02582818641212802
19184399.999837246, 0.025266704098820886
19184400.000049174, 0.024705221785513758
19228250.000076376, 0.024143739472206625
19316049.999953102, 0.023582257158899493
19404050.000045076, 0.023020774845592364
19492249.999921933, 0.022459292532285232
19580649.999802098, 0.021897810218978103
19624900.000041828, 0.02133632790567097
19713700.000120856, 0.020774845592363842
19936449.999916956, 0.02021336327905671
20295649.999832556, 0.019651880965749578
20611699.999916457, 0.01909039865244245
20702500.000004556, 0.018528916339135316
20793700.00007856, 0.017967434025828188
20930650.000191674, 0.017405951712521055
21022250.00007488, 0.016844469399213923
21532099.999914438, 0.016282987085906794
22043049.999952838, 0.015721504772599662
22184200.00007257, 0.015160022459292532
22373000.000020884, 0.014598540145985401
22467599.999899656, 0.01403705783267827
22610249.99982655, 0.01347557551937114
22800650.000000697, 0.01291409320606401
23088650.00003946, 0.012352610892756879
23328899.999820694, 0.011791128579449747
23377249.99986197, 0.011229646266142616
23522600.000001263, 0.010668163952835485
23814800.00005034, 0.010106681639528355
24059050.0000427, 0.009545199326221224
24255849.999983836, 0.008983717012914094
24651849.999899995, 0.008422234699606962
25201299.999958843, 0.007860752386299831
25502500.0000009, 0.0072992700729927005
25705299.999953933, 0.00673778775968557
27105250.000052445, 0.006176305446378439
28569650.00019969, 0.005614823133071308
28998450.000106364, 0.0050533408197641775
29981250.000011027, 0.004491858506457047
32512500.000000678, 0.0039303761931499155
37719449.99982594, 0.003368893879842785
69415399.99964654, 0.002807411566535654
105945249.99971642, 0.0022459292532285235
198426100.00005698, 0.0016844469399213925
