0	POLYGON ((0.442 0.878, 0.757 0.835, 0.542 0.621, 0.442 0.878))
1	POLYGON ((0.142 0.721, 0.442 0.878, 0.542 0.621, 0.142 0.721))
2	POLYGON ((0.178 0.185, 0.142 0.721, 0.328 0.464, 0.178 0.185))
3	POLYGON ((0.142 0.721, 0.542 0.621, 0.328 0.464, 0.142 0.721))
4	POLYGON ((0.178 0.185, 0.328 0.464, 0.5570000000000001 0.235, 0.178 0.185))
5	POLYGON ((0.328 0.464, 0.542 0.621, 0.5570000000000001 0.235, 0.328 0.464))
6	POLYGON ((0.871 0.121, 0.178 0.185, 0.5570000000000001 0.235, 0.871 0.121))
7	POLYGON ((0.757 0.478, 0.5570000000000001 0.235, 0.542 0.621, 0.757 0.478))
8	POLYGON ((0.5570000000000001 0.235, 0.757 0.478, 0.871 0.121, 0.5570000000000001 0.235))
9	POLYGON ((0.871 0.121, 0.757 0.478, 0.757 0.835, 0.871 0.121))
10	POLYGON ((0.757 0.478, 0.542 0.621, 0.757 0.835, 0.757 0.478))
